                                Plot of y*x

     +----------------------------------------------------------------------+
200 |                                                                      |
    |                                                                      |
    |                                                                      |
    |                                                                      |
    |                                                                      |
150 |               211 12 1111                                            |
    |             1 112  11 11    1                                        |
    |                            1           1                             |
    |                         1                   21    1                  |
    |                                       1     12   21 11               |
    |                                                                      |
100 |                                  1 1  1                              |
    |      1                                                               |
    |    1  1  1 11   1                                                    |
    |  1   1  1                                                            |
    |  1  1  1  11111                                                      |
 50 |      1       1                                                       |
    |                                                                      |
    |                                                                      |
    |                                                                      |
    |                                                                      |
  0 |                                                                      |
    ++----------------------+----------------------+----------------------++
      0                     50                     100                    150
                                         x

